year,month,day,luna
1989,1,7,0
1989,1,14,10
1989,1,21,20
1989,1,29,30
1989,2,5,0
1989,2,12,10
1989,2,20,20
1989,2,28,30
1989,3,7,0
1989,3,14,10
1989,3,22,20
1989,3,30,30
1989,4,5,0
1989,4,12,10
1989,4,20,20
1989,4,28,30
1989,5,5,0
1989,5,12,10
1989,5,20,20
1989,5,27,30
1989,6,3,0
1989,6,10,10
1989,6,18,20
1989,6,26,30
1989,7,2,0
1989,7,10,10
1989,7,18,20
1989,7,25,30
1989,8,1,0
1989,8,9,10
1989,8,16,20
1989,8,23,30
1989,8,30,0
1989,9,8,10
1989,9,15,20
1989,9,21,30
1989,9,29,0
1989,10,7,10
1989,10,14,20
1989,10,21,30
1989,10,29,0
1989,11,6,10
1989,11,12,20
1989,11,19,30
1989,1,28,0
1989,12,5,10
1989,12,12,20
1989,12,19,30
1989,12,27,0
1990,1,4,10
1990,1,10,20
1990,1,18,30
1990,1,26,0
1990,2,2,10
1990,2,9,20
1990,2,17,30
1990,2,25,0
1990,3,3,10
1990,3,11,20
1990,3,19,30
1990,3,26,0
1990,4,2,10
1990,4,9,20
1990,4,18,30
1990,4,24,0
1990,5,1,10
1990,5,9,20
1990,5,17,30
1990,5,24,0
1990,5,31,10
1990,6,8,20
1990,6,15,30
1990,6,22,0
1990,6,29,10
1990,7,7,20
1990,7,15,30
1990,7,21,0
1990,7,29,10
1990,8,6,20
1990,8,13,30
1990,8,20,0
1990,8,28,10
1990,9,4,20
1990,9,11,30
1990,9,18,0
1990,9,26,10
1990,10,4,20
1990,10,10,30
1990,10,18,0
1990,10,26,10
1990,11,2,20
1990,11,9,30
1990,11,17,0
1990,11,25,10
1990,12,1,20
1990,12,8,30
1990,12,16,0
1990,12,24,10
1990,12,31,20
1991,1,7,30
1991,1,15,0
1991,1,23,10
1991,1,29,20
1991,2,6,30
1991,2,14,0
1991,2,21,10
1991,2,28,20
1991,3,8,30
1991,3,16,0
1991,3,22,10
1991,3,29,20
1991,4,6,30
1991,4,14,0
1991,4,21,10
1991,4,28,20
1991,5,6,30
1991,5,13,0
1991,5,20,10
1991,5,28,20
1991,6,5,30
1991,6,12,0
1991,6,18,10
1991,6,26,20
1991,7,4,30
1991,7,11,0
1991,7,18,10
1991,7,26,20
1991,8,3,30
1991,8,9,0
1991,8,16,10
1991,8,25,20
1991,9,1,30
1991,9,8,0
1991,9,15,10
1991,9,23,20
1991,9,30,30
1991,10,7,0
1991,10,15,10
1991,10,23,20
1991,10,29,30
1991,11,6,0
1991,11,14,10
1991,11,21,20
1991,11,28,30
1991,12,5,0
1991,12,14,10
1991,12,21,20
1991,12,27,30
1992,1,4,0
1992,1,12,10
1992,1,19,20
1992,1,26,30
1992,2,3,0
1992,2,11,10
1992,2,18,20
1992,2,24,30
1992,3,4,0
1992,3,11,10
1992,3,18,20
1992,3,25,30
1992,4,2,0
1992,4,10,10
1992,4,16,20
1992,4,24,30
1992,5,2,0
1992,5,9,10
1992,5,16,20
1992,5,24,30
1992,5,31,0
1992,6,7,10
1992,6,14,20
1992,6,23,30
1992,6,30,0
1992,7,6,10
1992,7,14,20
1992,7,22,30
1992,7,29,0
1992,8,5,10
1992,8,13,20
1992,8,21,30
1992,8,27,0
1992,9,3,10
1992,9,11,20
1992,9,19,30
1992,9,26,0
1992,10,3,10
1992,10,11,20
1992,10,18,30
1992,10,25,0
1992,11,2,10
1992,11,10,20
1992,11,17,30
1992,11,24,0
1992,12,1,10
1992,12,9,20
1992,12,16,30
1992,12,23,0
1992,12,31,10
1993,1,8,20
1993,1,14,30
1993,1,22,0
1993,1,30,10
1993,2,6,20
1993,2,13,30
1993,2,21,0
1993,3,1,10
1993,3,8,20
1993,3,14,30
1993,3,22,0
1993,3,30,10
1993,4,6,20
1993,4,13,30
1993,4,21,0
1993,4,29,10
1993,5,5,20
1993,5,13,30
1993,5,21,0
1993,5,28,10
1993,6,4,20
1993,6,11,30
1993,6,19,0
1993,6,26,10
1993,7,3,20
1993,7,11,30
1993,7,19,0
1993,7,25,10
1993,8,2,20
1993,8,10,30
1993,8,17,0
1993,8,24,10
1993,8,31,20
1993,9,8,30
1993,9,15,0
1993,9,22,10
1993,9,30,20
1993,10,8,30
1993,10,15,0
1993,10,22,10
1993,10,30,20
1993,11,6,30
1993,11,13,0
1993,11,20,10
1993,11,28,20
1993,12,6,30
1993,12,13,0
1993,12,20,10
1993,12,28,20
1994,1,4,30
1994,1,11,0
1994,1,19,10
1994,1,27,20
1994,2,3,30
1994,2,10,0
1994,2,18,10
1994,2,25,20
1994,3,4,30
1994,3,11,0
1994,3,20,10
1994,3,27,20
1994,4,2,30
1994,4,10,0
1994,4,18,10
1994,4,25,20
1994,5,2,30
1994,5,10,0
1994,5,18,10
1994,5,24,20
1994,5,31,30
1994,6,9,0
1994,6,16,10
1994,6,23,20
1994,6,30,30
1994,7,8,0
1994,7,15,10
1994,7,22,20
1994,7,30,30
1994,8,7,0
1994,8,13,10
1994,8,20,20
1994,8,28,30
1994,9,5,0
1994,9,12,10
1994,9,19,20
1994,9,27,30
1994,10,4,0
1994,10,11,10
1994,10,19,20
1994,10,27,30
1994,11,3,0
1994,11,9,10
1994,11,17,20
1994,11,25,30
1994,12,2,0
1994,12,9,10
1994,12,17,20
1994,12,25,30
1995,1,1,0
1995,1,8,10
1995,1,16,20
1995,1,23,30
1995,1,30,0
1995,2,7,10
1995,2,15,20
1995,2,22,30
1995,3,1,0
1995,3,9,10
1995,3,16,20
1995,3,23,30
1995,3,30,0
1995,4,7,10
1995,4,15,20
1995,4,21,30
1995,4,29,0
1995,5,7,10
1995,5,14,20
1995,5,21,30
1995,5,29,0
1995,6,6,10
1995,6,12,20
1995,6,19,30
1995,6,27,0
1995,7,5,10
1995,7,12,20
1995,7,19,30
1995,7,27,0
1995,8,3,10
1995,8,10,20
1995,8,17,30
1995,8,25,0
1995,9,2,10
1995,9,8,20
1995,9,16,30
1995,9,24,0
1995,10,1,10
1995,10,8,20
1995,10,16,30
1995,10,23,0
1995,10,30,10
1995,11,6,20
1995,11,15,30
1995,11,22,0
1995,11,28,10
1995,12,6,20
1995,12,14,30
1995,12,21,0
1995,12,28,10
1996,1,5,20
1996,1,13,30
1996,1,20,0
1996,1,27,10
1996,2,4,20
1996,2,12,30
1996,2,18,0
1996,2,25,10
1996,3,5,20
1996,3,12,30
1996,3,19,0
1996,3,26,10
1996,4,3,20
1996,4,10,30
1996,4,17,0
1996,4,25,10
1996,5,3,20
1996,5,9,30
1996,5,17,0
1996,5,25,10
1996,6,1,20
1996,6,8,30
1996,6,15,0
1996,6,23,10
1996,6,30,20
1996,7,7,30
1996,7,15,0
1996,7,23,10
1996,7,30,20
1996,8,5,30
1996,8,14,0
1996,8,21,10
1996,8,28,20
1996,9,4,30
1996,9,12,0
1996,9,20,10
1996,9,26,20
1996,10,4,30
1996,10,12,0
1996,10,19,10
1996,10,26,20
1996,11,2,30
1996,11,10,0
1996,11,17,10
1996,11,24,20
1996,12,2,30
1996,12,10,0
1996,12,17,10
1996,12,24,20
1997,1,1,30
1997,1,8,0
1997,1,15,10
1997,1,23,20
1997,1,31,30
1997,2,7,0
1997,2,14,10
1997,2,22,20
1997,3,2,30
1997,3,8,0
1997,3,15,10
1997,3,23,20
1997,3,31,30
1997,4,7,0
1997,4,14,10
1997,4,22,20
1997,4,29,30
1997,5,6,0
1997,5,14,10
1997,5,22,20
1997,5,29,30
1997,6,5,0
1997,6,12,10
1997,6,20,20
1997,6,27,30
1997,7,4,0
1997,7,12,10
1997,7,19,20
1997,7,26,30
1997,8,3,0
1997,8,11,10
1997,8,18,20
1997,8,24,30
1997,9,1,0
1997,9,9,10
1997,9,16,20
1997,9,23,30
1997,10,1,0
1997,10,9,10
1997,10,15,20
1997,10,22,30
1997,10,31,0
1997,11,7,10
1997,11,14,20
1997,11,21,30
1997,11,29,0
1997,12,6,10
1997,12,13,20
1997,12,21,30
1997,12,29,0
1998,1,5,10
1998,1,12,20
1998,1,20,30
1998,1,27,0
1998,2,3,10
1998,2,11,20
1998,2,19,30
1998,2,26,0
1998,3,5,10
1998,3,12,20
1998,3,20,30
1998,3,27,0
1998,4,3,10
1998,4,11,20
1998,4,19,30
1998,4,26,0
1998,5,3,10
1998,5,11,20
1998,5,18,30
1998,5,25,0
1998,6,1,10
1998,6,9,20
1998,6,17,30
1998,6,23,0
1998,7,1,10
1998,7,9,20
1998,7,16,30
1998,7,23,0
1998,7,31,10
1998,8,7,20
1998,8,14,30
1998,8,21,0
1998,8,29,10
1998,9,6,20
1998,9,12,30
1998,9,20,0
1998,9,28,10
1998,10,5,20
1998,10,12,30
1998,10,20,0
1998,10,28,10
1998,11,3,20
1998,11,10,30
1998,11,18,0
1998,11,26,10
1998,12,3,20
1998,12,10,30
1998,12,18,0
1998,12,26,10
1999,1,1,20
1999,1,9,30
1999,1,17,0
1999,1,24,10
1999,1,31,20
1999,2,8,30
1999,2,15,0
1999,2,22,10
1999,3,1,20
1999,3,10,30
1999,3,17,0
1999,3,24,10
1999,3,31,20
1999,4,8,30
1999,4,15,0
1999,4,22,10
1999,4,30,20
1999,5,8,30
1999,5,15,0
1999,5,21,10
1999,5,29,20
1999,6,6,30
1999,6,13,0
1999,6,20,10
1999,6,28,20
1999,7,6,30
1999,7,12,0
1999,7,20,10
1999,7,28,20
1999,8,4,30
1999,8,11,0
1999,8,18,10
1999,8,26,20
1999,9,2,30
1999,9,9,0
1999,9,17,10
1999,9,25,20
1999,10,1,30
1999,10,9,0
1999,10,17,10
1999,10,24,20
1999,10,31,30
1999,11,7,0
1999,11,16,10
1999,11,22,20
1999,11,29,30
1999,12,7,0
1999,12,15,10
1999,12,22,20
1999,12,29,30
2000,1,6,0
2000,1,14,10
2000,1,20,20
2000,1,27,30
2000,2,5,0
2000,2,12,10
2000,2,19,20
2000,2,26,30
2000,3,5,0
2000,3,12,10
2000,3,19,20
2000,3,27,30
2000,4,4,0
2000,4,11,10
2000,4,18,20
2000,4,26,30
2000,5,3,0
2000,5,10,10
2000,5,18,20
2000,5,26,30
2000,6,2,0
2000,6,8,10
2000,6,16,20
2000,6,24,30
2000,7,1,0
2000,7,8,10
2000,7,16,20
2000,7,24,30
2000,7,30,0
2000,8,6,10
2000,8,14,20
2000,8,22,30
2000,8,29,0
2000,9,5,10
2000,9,13,20
2000,9,20,30
2000,9,27,0
2000,10,5,10
2000,10,13,20
2000,10,20,30
2000,10,27,0
2000,11,3,10
2000,11,11,20
2000,11,18,30
2000,11,25,0
2000,12,3,10
2000,12,11,20
2000,12,17,30
2000,12,25,0
2001,1,2,10
2001,1,9,20
2001,1,16,30
2001,1,24,0
2001,2,1,10
2001,2,7,20
2001,2,14,30
2001,2,23,0
2001,3,2,10
2001,3,9,20
2001,3,16,30
2001,3,24,0
2001,4,1,10
2001,4,7,20
2001,4,15,30
2001,4,23,0
2001,4,30,10
2001,5,7,20
2001,5,15,30
2001,5,22,0
2001,5,29,10
2001,6,5,20
2001,6,13,30
2001,6,21,0
2001,6,27,10
2001,7,5,20
2001,7,13,30
2001,7,20,0
2001,7,27,10
2001,8,3,20
2001,8,12,30
2001,8,18,0
2001,8,25,10
2001,9,2,20
2001,9,10,30
2001,9,17,0
2001,9,24,10
2001,10,2,20
2001,10,9,30
2001,10,16,0
2001,10,23,10
2001,10,31,20
2001,11,8,30
2001,11,14,0
2001,11,22,10
2001,11,30,20
2001,12,7,30
2001,12,14,0
2001,12,22,10
2001,12,30,20
2002,1,5,30
2002,1,13,0
2002,1,21,10
2002,1,28,20
2002,2,4,30
2002,2,11,0
2002,2,20,10
2002,2,27,20
2002,3,5,30
2002,3,13,0
2002,3,21,10
2002,3,28,20
2002,4,4,30
2002,4,12,0
2002,4,20,10
2002,4,26,20
2002,5,4,30
2002,5,12,0
2002,5,19,10
2002,5,26,20
2002,6,2,30
2002,6,10,0
2002,6,17,10
2002,6,24,20
2002,7,2,30
2002,7,10,0
2002,7,16,10
2002,7,24,20
2002,8,1,30
2002,8,8,0
2002,8,15,10
2002,8,22,20
2002,8,30,30
2002,9,6,0
2002,9,13,10
2002,9,21,20
2002,9,29,30
2002,10,6,0
2002,10,12,10
2002,10,21,20
2002,10,28,30
2002,11,4,0
2002,11,11,10
2002,11,19,20
2002,11,27,30
2002,12,3,0
2002,12,11,10
2002,12,19,20
2002,12,26,30
2003,1,2,0
2003,1,10,10
2003,1,18,20
2003,1,25,30
2003,2,1,0
2003,2,9,10
2003,2,16,20
2003,2,23,30
2003,3,2,0
2003,3,10,10
2003,3,18,20
2003,3,24,30
2003,4,1,0
2003,4,9,10
2003,4,16,20
2003,4,23,30
2003,5,1,0
2003,5,9,10
2003,5,15,20
2003,5,22,30
2003,5,30,0
2003,6,7,10
2003,6,14,20
2003,6,21,30
2003,6,29,0
2003,7,6,10
2003,7,13,20
2003,7,21,30
2003,7,28,0
2003,8,5,10
2003,8,11,20
2003,8,19,30
2003,8,27,0
2003,9,3,10
2003,9,10,20
2003,9,18,30
2003,9,25,0
2003,10,2,10
2003,10,10,20
2003,10,18,30
2003,10,25,0
2003,10,31,10
2003,11,8,20
2003,11,16,30
2003,11,23,0
2003,11,30,10
2003,12,8,20
2003,12,16,30
2003,12,23,0
2003,12,30,10
2004,1,7,20
2004,1,14,30
2004,1,21,0
2004,1,28,10
2004,2,6,20
2004,2,13,30
2004,2,20,0
2004,2,27,10
2004,3,6,20
2004,3,13,30
2004,3,20,0
2004,3,28,10
2004,4,5,20
2004,4,11,30
2004,4,19,0
2004,4,27,10
2004,5,4,20
2004,5,11,30
2004,5,18,0
2004,5,27,10
2004,6,2,20
2004,6,9,30
2004,6,17,0
2004,6,25,10
2004,7,2,20
2004,7,9,30
2004,7,17,0
2004,7,24,10
2004,7,31,20
2004,8,7,30
2004,8,15,0
2004,8,23,10
2004,8,29,20
2004,9,6,30
2004,9,14,0
2004,9,21,10
2004,9,28,20
2004,10,6,30
2004,10,13,0
2004,10,20,10
2004,10,27,20
2004,11,4,30
2004,11,12,0
2004,11,18,10
2004,11,26,20
2004,12,4,30
2004,12,11,0
2004,12,18,10
2004,12,26,20
2005,1,3,30
2005,1,10,0
2005,1,16,10
2005,1,25,20
2005,2,1,30
2005,2,8,0
2005,2,15,10
2005,2,23,20
2005,3,3,30
2005,3,10,0
2005,3,17,10
2005,3,25,20
2005,4,1,30
2005,4,8,0
2005,4,16,10
2005,4,24,20
2005,4,30,30
2005,5,8,0
2005,5,16,10
2005,5,23,20
2005,5,30,30
2005,6,6,0
2005,6,14,10
2005,6,21,20
2005,6,28,30
2005,7,6,0
2005,7,14,10
2005,7,21,20
2005,7,27,30
2005,8,4,0
2005,8,12,10
2005,8,19,20
2005,8,26,30
2005,9,3,0
2005,9,11,10
2005,9,17,20
2005,9,24,30
2005,10,3,0
2005,10,10,10
2005,10,17,20
2005,10,24,30
2005,11,1,0
2005,11,8,10
2005,11,15,20
2005,11,23,30
2005,12,1,0
2005,12,8,10
2005,12,15,20
2005,12,23,30
2005,12,30,0
2006,1,6,10
2006,1,14,20
2006,1,22,30
2006,1,29,0
2006,2,4,10
2006,2,12,20
2006,2,20,30
2006,2,27,0
2006,3,6,10
2006,3,14,20
2006,3,22,30
2006,3,29,0
2006,4,5,10
2006,4,13,20
2006,4,20,30
2006,4,27,0
2006,5,4,10
2006,5,12,20
2006,5,20,30
2006,5,26,0
2006,6,3,10
2006,6,11,20
2006,6,18,30
2006,6,25,0
2006,7,3,10
2006,7,10,20
2006,7,17,30
2006,7,24,0
2006,8,2,10
2006,8,9,20
2006,8,15,30
2006,8,23,0
2006,8,31,10
2006,9,7,20
2006,9,14,30
2006,9,22,0
2006,9,30,10
2006,10,6,20
2006,10,13,30
2006,10,21,0
2006,10,29,10
2006,11,5,20
2006,11,12,30
2006,11,20,0
2006,11,27,10
2006,12,4,20
2006,12,12,30
2006,12,20,0
2006,12,27,10
2007,1,3,20
2007,1,11,30
2007,1,18,0
2007,1,25,10
2007,2,1,20
2007,2,10,30
2007,2,17,0
2007,2,23,10
2007,3,3,20
2007,3,11,30
2007,3,18,0
2007,3,25,10
2007,4,2,20
2007,4,10,30
2007,4,17,0
2007,4,23,10
2007,5,2,20
2007,5,9,30
2007,5,16,0
2007,5,23,10
2007,5,31,20
2007,6,8,30
2007,6,14,0
2007,6,22,10
2007,6,30,20
2007,7,7,30
2007,7,14,0
2007,7,21,10
2007,7,29,20
2007,8,5,30
2007,8,12,0
2007,8,20,10
2007,8,28,20
2007,9,3,30
2007,9,11,0
2007,9,19,10
2007,9,26,20
2007,10,3,30
2007,10,10,0
2007,10,19,10
2007,10,25,20
2007,11,1,30
2007,11,9,0
2007,11,17,10
2007,11,24,20
2007,12,1,30
2007,12,9,0
2007,12,17,10
2007,12,23,20
2007,12,30,30
2008,1,8,0
2008,1,15,10
2008,1,22,20
2008,1,29,30
2008,2,6,0
2008,2,13,10
2008,2,20,20
2008,2,28,30
2008,3,7,0
2008,3,14,10
2008,3,21,20
2008,3,29,30
2008,4,5,0
2008,4,12,10
2008,4,20,20
2008,4,28,30
2008,5,5,0
2008,5,11,10
2008,5,19,20
2008,5,27,30
2008,6,3,0
2008,6,10,10
2008,6,18,20
2008,6,26,30
2008,7,2,0
2008,7,9,10
2008,7,18,20
2008,7,25,30
2008,8,1,0
2008,8,8,10
2008,8,16,20
2008,8,23,30
2008,8,30,0
2008,9,7,10
2008,9,15,20
2008,9,21,30
2008,9,29,0
2008,10,7,10
2008,10,14,20
2008,10,21,30
2008,10,28,0
2008,11,5,10
2008,11,12,20
2008,11,19,30
2008,11,27,0
2008,12,5,10
2008,12,12,20
2008,12,19,30
2008,12,27,0
2009,1,4,10
2009,1,10,20
2009,1,17,30
2009,1,25,0
2009,2,2,10
2009,2,9,20
2009,2,16,30
2009,2,24,0
2009,3,3,10
2009,3,10,20
2009,3,18,30
2009,3,26,0
2009,4,2,10
2009,4,9,20
2009,4,17,30
2009,4,24,0
2009,5,1,10
2009,5,8,20
2009,5,17,30
2009,5,24,0
2009,5,30,10
2009,6,7,20
2009,6,15,30
2009,6,22,0
2009,6,29,10
2009,7,7,20
2009,7,15,30
2009,7,21,0
2009,7,28,10
2009,8,5,20
2009,8,13,30
2009,8,20,0
2009,8,27,10
2009,9,4,20
2009,9,11,30
2009,9,18,0
2009,9,25,10
2009,10,3,20
2009,10,11,30
2009,10,17,0
2009,10,25,10
2009,11,2,20
2009,11,9,30
2009,11,16,0
2009,11,24,10
2009,12,1,20
2009,12,8,30
2009,12,16,0
2009,12,24,10
2009,12,31,20
2010,1,7,30
2010,1,14,0
2010,1,23,10
2010,1,29,20
2010,2,5,30
2010,2,13,0
2010,2,21,10
2010,2,28,20
2010,3,7,30
2010,3,15,0
2010,3,23,10
2010,3,29,20
2010,4,6,30
2010,4,14,0
2010,4,21,10
2010,4,28,20
2010,5,5,30
2010,5,13,0
2010,5,20,10
2010,5,27,20
2010,6,4,30
2010,6,12,0
2010,6,18,10
2010,6,26,20
2010,7,4,30
2010,7,11,0
2010,7,18,10
2010,7,25,20
2010,8,2,30
2010,8,9,0
2010,8,16,10
2010,8,24,20
2010,9,1,30
2010,9,8,0
2010,9,14,10
2010,9,23,20
2010,9,30,30
2010,10,7,0
2010,10,14,10
2010,10,22,20
2010,10,30,30
2010,11,5,0
2010,11,13,10
2010,11,21,20
2010,11,28,30
2010,12,5,0
2010,12,13,10
2010,12,21,20
2010,12,27,30
2011,1,4,0
2011,1,12,10
2011,1,19,20
2011,1,26,30
2011,2,2,0
2011,2,10,10
2011,2,18,20
2011,2,24,30
2011,3,4,0
2011,3,12,10
2011,3,19,20
2011,3,26,30
2011,4,3,0
2011,4,11,10
2011,4,17,20
2011,4,24,30
2011,5,2,0
2011,5,10,10
2011,5,17,20
2011,5,24,30
2011,6,1,0
2011,6,8,10
2011,6,15,20
2011,6,23,30
2011,7,1,0
2011,7,7,10
2011,7,14,20
2011,7,22,30
2011,7,30,0
2011,8,6,10
2011,8,13,20
2011,8,21,30
2011,8,28,0
2011,9,4,10
2011,9,12,20
2011,9,20,30
2011,9,27,0
2011,10,3,10
2011,10,11,20
2011,10,19,30
2011,10,26,0
2011,11,2,10
2011,11,10,20
2011,11,18,30
2011,11,24,0
2011,12,2,10
2011,12,10,20
2011,12,17,30
2011,12,24,0
2011,12,31,10
2012,1,8,20
2012,1,16,30
2012,1,22,0
2012,1,30,10
2012,2,7,20
2012,2,14,30
2012,2,21,0
2012,2,29,10
2012,3,8,20
2012,3,14,30
2012,3,22,0
2012,3,30,10
2012,4,6,20
2012,4,13,30
2012,4,21,0
2012,4,29,10
2012,5,5,20
2012,5,12,30
2012,5,20,0
2012,5,28,10
2012,6,4,20
2012,6,11,30
2012,6,19,0
2012,6,26,10
2012,7,3,20
2012,7,10,30
2012,7,18,0
2012,7,26,10
2012,8,1,20
2012,8,9,30
2012,8,17,0
2012,8,24,10
2012,8,31,20
2012,9,8,30
2012,9,15,0
2012,9,22,10
2012,9,29,20
2012,10,8,30
2012,10,15,0
2012,10,21,10
2012,10,29,20
2012,11,6,30
2012,11,13,0
2012,11,20,10
2012,11,28,20
2012,12,6,30
2012,12,13,0
2012,12,19,10
2012,12,28,20
2013,1,4,30
2013,1,11,0
2013,1,18,10
2013,1,26,20
2013,2,3,30
2013,2,9,0
2013,2,17,10
2013,2,25,20
2013,3,4,30
2013,3,11,0
2013,3,19,10
2013,3,27,20
2013,4,2,30
2013,4,10,0
2013,4,18,10
2013,4,25,20
2013,5,2,30
2013,5,9,0
2013,5,17,10
2013,5,24,20
2013,5,31,30
2013,6,8,0
2013,6,16,10
2013,6,23,20
2013,6,29,30
2013,7,8,0
2013,7,15,10
2013,7,22,20
2013,7,29,30
2013,8,6,0
2013,8,14,10
2013,8,20,20
2013,8,28,30
2013,9,5,0
2013,9,12,10
2013,9,19,20
2013,9,26,30
2013,10,4,0
2013,10,11,10
2013,10,18,20
2013,10,26,30
2013,11,3,0
2013,11,9,10
2013,11,17,20
2013,11,25,30
2013,12,2,0
2013,12,9,10
2013,12,17,20
2013,12,25,30
2014,1,1,0
2014,1,7,10
2014,1,15,20
2014,1,23,30
2014,1,30,0
2014,2,6,10
2014,2,14,20
2014,2,22,30
2014,2,28,0
2014,3,8,10
2014,3,16,20
2014,3,23,30
2014,3,30,0
2014,4,7,10
2014,4,15,20
2014,4,22,30
2014,4,28,0
2014,5,6,10
2014,5,14,20
2014,5,21,30
2014,5,28,0
2014,6,5,10
2014,6,12,20
2014,6,19,30
2014,6,27,0
2014,7,5,10
2014,7,12,20
2014,7,18,30
2014,7,26,0
2014,8,3,10
2014,8,10,20
2014,8,17,30
2014,8,25,0
2014,9,2,10
2014,9,8,20
2014,9,15,30
2014,9,23,0
2014,10,1,10
2014,10,8,20
2014,10,15,30
2014,10,23,0
2014,10,30,10
2014,11,6,20
2014,11,14,30
2014,11,22,0
2014,11,29,10
2014,12,6,20
2014,12,14,30
2014,12,21,0
2014,12,28,10
2015,1,4,20
2015,1,13,30
2015,1,20,0
2015,1,26,10
2015,2,3,20
2015,2,11,30
2015,2,18,0
2015,2,25,10
2015,3,5,20
2015,3,13,30
2015,3,20,0
2015,3,27,10
2015,4,4,20
2015,4,11,30
2015,4,18,0
2015,4,25,10
2015,5,3,20
2015,5,11,30
2015,5,17,0
2015,5,25,10
2015,6,2,20
2015,6,9,30
2015,6,16,0
2015,6,24,10
2015,7,1,20
2015,7,8,30
2015,7,15,0
2015,7,23,10
2015,7,31,20
2015,8,6,30
2015,8,14,0
2015,8,22,10
2015,8,29,20
2015,9,5,30
2015,9,12,0
2015,9,21,10
2015,9,27,20
2015,10,4,30
2015,10,12,0
2015,10,20,10
2015,10,27,20
2015,11,3,30
2015,11,11,0
2015,11,18,10
2015,11,25,20
2015,12,2,30
2015,12,11,0
2015,12,18,10
2015,12,25,20
2016,1,1,30
2016,1,9,0
2016,1,16,10
2016,1,23,20
2016,1,31,30
2016,2,8,0
2016,2,14,10
2016,2,22,20
2016,3,1,30
2016,3,8,0
2016,3,15,10
2016,3,23,20
2016,3,31,30
2016,4,7,0
2016,4,13,10
2016,4,21,20
2016,4,29,30
2016,5,6,0
2016,5,13,10
2016,5,21,20
2016,5,29,30
2016,6,4,0
2016,6,12,10
2016,6,20,20
2016,6,27,30
2016,7,4,0
2016,7,11,10
2016,7,19,20
2016,7,26,30
2016,8,2,0
2016,8,10,10
2016,8,18,20
2016,8,24,30
2016,9,1,0
2016,9,9,10
2016,9,16,20
2016,9,23,30
2016,9,30,0
2016,10,8,10
2016,10,15,20
2016,10,22,30
2016,10,30,0
2016,11,7,10
2016,11,14,20
2016,11,21,30
2016,11,29,0
2016,12,7,10
2016,12,13,20
2016,12,20,30
2016,12,28,0
2017,1,5,10
2017,1,12,20
2017,1,19,30
2017,1,27,0
2017,2,3,10
2017,2,10,20
2017,2,18,30
2017,2,26,0
2017,3,5,10
2017,3,12,20
2017,3,20,30
2017,3,27,0
2017,4,3,10
2017,4,10,20
2017,4,19,30
2017,4,26,0
2017,5,2,10
2017,5,10,20
2017,5,18,30
2017,5,25,0
2017,6,1,10
2017,6,9,20
2017,6,17,30
2017,6,23,0
2017,6,30,10
2017,7,8,20
2017,7,16,30
2017,7,23,0
2017,7,30,10
2017,8,7,20
2017,8,14,30
2017,8,21,0
2017,8,29,10
2017,9,6,20
2017,9,12,30
2017,9,19,0
2017,9,27,10
2017,10,5,20
2017,10,12,30
2017,10,19,0
2017,10,27,10
2017,11,3,20
2017,11,10,30
2017,11,18,0
2017,11,26,10
2017,12,3,20
2017,12,9,30
2017,12,17,0
2017,12,26,10
2018,1,1,20
2018,1,8,30
2018,1,16,0
2018,1,24,10
2018,1,31,20
2018,2,7,30
2018,2,15,0
2018,2,23,10
2018,3,1,20
2018,3,9,30
2018,3,17,0
2018,3,24,10
2018,3,31,20
2018,4,8,30
2018,4,15,0
2018,4,22,10
2018,4,29,20
2018,5,7,30
2018,5,15,0
2018,5,21,10
2018,5,29,20
2018,6,6,30
2018,6,13,0
2018,6,20,10
2018,6,27,20
2018,7,6,30
2018,7,12,0
2018,7,19,10
2018,7,27,20
2018,8,4,30
2018,8,11,0
2018,8,18,10
2018,8,26,20
2018,9,2,30
2018,9,9,0
2018,9,16,10
2018,9,24,20
2018,10,2,30
2018,10,8,0
2018,10,16,10
2018,10,24,20
2018,10,31,30
2018,11,7,0
2018,11,15,10
2018,11,22,20
2018,11,29,30
2018,12,6,0
2018,12,15,10
2018,12,22,20
2018,12,29,30
2019,1,5,0
2019,1,13,10
2019,1,20,20
2019,1,27,30
2019,2,4,0
2019,2,12,10
2019,2,19,20
2019,2,26,30
2019,3,6,0
2019,3,14,10
2019,3,20,20
2019,3,27,30
2019,4,5,0
2019,4,12,10
2019,4,19,20
2019,4,26,30
2019,5,4,0
2019,5,11,10
2019,5,18,20
2019,5,26,30
2019,6,3,0
2019,6,9,10
2019,6,17,20
2019,6,25,30
2019,7,2,0
2019,7,9,10
2019,7,16,20
2019,7,24,30
2019,7,31,0
2019,8,7,10
2019,8,15,20
2019,8,23,30
2019,8,30,0
2019,9,5,10
2019,9,13,20
2019,9,21,30
2019,9,28,0
2019,10,5,10
2019,10,13,20
2019,10,21,30
2019,10,27,0
2019,11,4,10
2019,11,12,20
2019,11,19,30
2019,11,26,0
2019,12,3,10
2019,12,11,20
2019,12,18,30
2019,12,25,0
2020,1,2,10
2020,1,10,20
2020,1,17,30
2020,1,24,0
2020,2,1,10
2020,2,8,20
2020,2,15,30
2020,2,23,0
2020,3,2,10
2020,3,9,20
2020,3,16,30
2020,3,24,0
2020,4,1,10
2020,4,7,20
2020,4,14,30
2020,4,22,0
2020,4,30,10
2020,5,7,20
2020,5,14,30
2020,5,22,0
2020,5,29,10
2020,6,5,20
2020,6,12,30
2020,6,20,0
2020,6,28,10
2020,7,4,20
2020,7,12,30
2020,7,20,0
2020,7,27,10
2020,8,3,20
2020,8,11,30
2020,8,18,0
2020,8,25,10
2020,9,1,20
2020,9,10,30
2020,9,17,0
2020,9,23,10
2020,10,1,20
2020,10,9,30
2020,10,16,0
2020,10,23,10
2020,10,31,20
2020,11,8,30
2020,11,14,0
2020,11,21,10
2020,11,30,20
2020,12,7,30
2020,12,14,0
2020,12,21,10
2020,12,29,20
2021,1,6,30
2021,1,12,0
2021,1,20,10
2021,1,28,20
2021,2,4,30
2021,2,11,0
2021,2,19,10
2021,2,27,20
2021,3,5,30
2021,3,13,0
2021,3,21,10
2021,3,28,20
2021,4,4,30
2021,4,11,0
2021,4,19,10
2021,4,26,20
2021,5,3,30
2021,5,11,0
2021,5,19,10
2021,5,26,20
2021,6,2,30
2021,6,10,0
2021,6,17,10
2021,6,24,20
2021,7,1,30
2021,7,9,0
2021,7,17,10
2021,7,23,20
2021,7,31,30
2021,8,8,0
2021,8,15,10
2021,8,22,20
2021,8,30,30
2021,9,6,0
2021,9,13,10
2021,9,20,20
2021,9,28,30
2021,10,6,0
2021,10,12,10
2021,10,20,20
2021,10,28,30
2021,11,4,0
2021,11,11,10
2021,11,19,20
2021,11,27,30
2021,12,3,0
2021,12,10,10
2021,12,18,20
2021,12,26,30
2022,1,2,0
2022,1,9,10
2022,1,17,20
2022,1,25,30
2022,1,31,0
2022,2,8,10
2022,2,16,20
2022,2,23,30
2022,3,2,0
2022,3,10,10
2022,3,18,20
2022,3,24,30
2022,3,31,0
2022,4,8,10
2022,4,16,20
2022,4,23,30
2022,4,30,0
2022,5,8,10
2022,5,15,20
2022,5,22,30
2022,5,30,0
2022,6,7,10
2022,6,14,20
2022,6,20,30
2022,6,28,0
2022,7,6,10
2022,7,13,20
2022,7,20,30
2022,7,28,0
2022,8,5,10
2022,8,11,20
2022,8,18,30
2022,8,27,0
2022,9,3,10
2022,9,10,20
2022,9,17,30
2022,9,25,0
2022,10,2,10
2022,10,9,20
2022,10,17,30
2022,10,25,0
2022,10,31,10
2022,11,8,20
2022,11,16,30
2022,11,23,0
2022,11,30,10
2022,12,7,20
2022,12,16,30
2022,12,23,0
2022,12,29,10
2023,1,6,20
2023,1,14,30
2023,1,21,0
2023,1,28,10
2023,2,5,20
2023,2,13,30
2023,2,19,0
2023,2,27,10
2023,3,7,20
2023,3,14,30
2023,3,21,0
2023,3,28,10
2023,4,5,20
2023,4,13,30
2023,4,19,0
2023,4,27,10
2023,5,5,20
2023,5,12,30
2023,5,19,0
2023,5,27,10
2023,6,3,20
2023,6,10,30
2023,6,17,0
2023,6,26,10
2023,7,3,20
2023,7,9,30
2023,7,17,0
2023,7,25,10
2023,8,1,20
2023,8,8,30
2023,8,16,0
2023,8,24,10
2023,8,30,20
2023,9,6,30
2023,9,14,0
2023,9,22,10
2023,9,29,20
2023,10,6,30
2023,10,14,0
2023,10,21,10
2023,10,28,20
2023,11,5,30
2023,11,13,0
2023,11,20,10
2023,11,27,20
2023,12,4,30
2023,12,12,0
2023,12,19,10
2023,12,26,20
2024,1,3,30
2024,1,11,0
2024,1,17,10
2024,1,25,20
2024,2,2,30
2024,2,9,0
2024,2,16,10
2024,2,24,20
2024,3,3,30
2024,3,10,0
2024,3,16,10
2024,3,25,20
2024,4,1,30
2024,4,8,0
2024,4,15,10
2024,4,23,20
2024,5,1,30
2024,5,7,0
2024,5,15,10
2024,5,23,20
2024,5,30,30
2024,6,6,0
2024,6,13,10
2024,6,21,20
2024,6,28,30
2024,7,5,0
2024,7,13,10
2024,7,21,20
2024,7,27,30
2024,8,4,0
2024,8,12,10
2024,8,19,20
2024,8,26,30
2024,9,2,0
2024,9,10,10
2024,9,17,20
2024,9,24,30
2024,10,2,0
2024,10,10,10
2024,10,17,20
2024,10,24,30
2024,11,1,0
2024,11,8,10
2024,11,15,20
2024,11,22,30
2024,11,30,0
2024,12,8,10
2024,12,15,20
2024,12,22,30
2024,12,30,0
2025,1,6,10
2025,1,13,20
2025,1,21,30
2025,1,29,0
2025,2,5,10
2025,2,12,20
2025,2,20,30
2025,2,27,0
2025,3,6,10
2025,3,13,20
2025,3,22,30
2025,3,29,0
2025,4,4,10
2025,4,12,20
2025,4,20,30
2025,4,27,0
2025,5,4,10
2025,5,12,20
2025,5,20,30
2025,5,26,0
2025,6,2,10
2025,6,11,20
2025,6,18,30
2025,6,25,0
2025,7,2,10
2025,7,10,20
2025,7,17,30
2025,7,24,0
2025,8,1,10
2025,8,9,20
2025,8,15,30
2025,8,22,0
2025,8,30,10
2025,9,7,20
2025,9,14,30
2025,9,21,0
2025,9,29,10
2025,10,6,20
2025,10,13,30
2025,10,21,0
2025,10,29,10
2025,11,5,20
2025,11,11,30
2025,11,19,0
2025,11,27,10
2025,12,4,20
2025,12,11,30
2025,12,19,0
2025,12,27,10
2026,1,3,20
2026,1,10,30
2026,1,18,0
2026,1,25,10
2026,2,1,20
2026,2,9,30
2026,2,17,0
2026,2,24,10
2026,3,3,20
2026,3,11,30
2026,3,18,0
2026,3,25,10
2026,4,1,20
2026,4,9,30
2026,4,17,0
2026,4,23,10
2026,5,1,20
2026,5,9,30
2026,5,16,0
2026,5,23,10
2026,5,31,20
2026,6,8,30
2026,6,14,0
2026,6,21,10
2026,6,29,20
2026,7,7,30
2026,7,14,0
2026,7,21,10
2026,7,29,20
2026,8,5,30
2026,8,12,0
2026,8,19,10
2026,8,27,20
2026,9,4,30
2026,9,10,0
2026,9,18,10
2026,9,26,20
2026,10,3,30
2026,10,10,0
2026,10,18,10
2026,10,25,20
2026,11,1,30
2026,11,8,0
2026,11,17,10
2026,11,24,20
2026,11,30,30
2026,12,8,0
2026,12,16,10
2026,12,23,20
2026,12,30,30
2027,1,7,0
2027,1,15,10
2027,1,22,20
2027,1,29,30
2027,2,6,0
2027,2,13,10
2027,2,20,20
2027,2,27,30
2027,3,8,0
2027,3,15,10
2027,3,22,20
2027,3,29,30
2027,4,6,0
2027,4,13,10
2027,4,20,20
2027,4,28,30
2027,5,6,0
2027,5,12,10
2027,5,20,20
2027,5,28,30
2027,6,4,0
2027,6,11,10
2027,6,18,20
2027,6,26,30
2027,7,3,0
2027,7,10,10
2027,7,18,20
2027,7,26,30
2027,8,2,0
2027,8,8,10
2027,8,17,20
2027,8,24,30
2027,8,31,0
2027,9,7,10
2027,9,15,20
2027,9,23,30
2027,9,29,0
2027,10,7,10
2027,10,15,20
2027,10,22,30
2027,10,29,0
2027,11,6,10
2027,11,13,20
2027,11,20,30
2027,11,27,0
2027,12,5,10
2027,12,13,20
2027,12,20,30
2027,12,27,0
